11 11 11 11 11 11 11 11 11 11 11 11 11 11 11 11 11 11 11 11 12 12 12 12 12 12 12 12 12 12 12 12 12
11 11 11 11 11 11 11 11 11 11 11 11 11 11 11 11 11 11 11 11 12 12 12 12 12 12 12 12 12 12 12 12 12
11 11 11 11 11 11 11 11 11 11 11 11 11 11 11 11 11 11 11 11 12 12 12 12 12 12 12 12 12 12 12 12 12
11 11 11 11 1  1  1  1  1  1  1  1  1  1  1  1  6  6  6  6  6  6  6  6  6  6  6  6  6  12 12 12 12
11 11 11 11 1  1  1  1  1  1  1  1  1  1  1  1  6  6  6  6  6  6  6  6  6  6  6  6  6  12 12 12 12
11 11 11 11 1  1  1  1  1  1  1  1  1  1  1  1  6  6  6  6  6  6  6  6  6  6  6  6  6  12 12 12 12
11 11 11 11 1  1  1  1  1  1  1  1  1  1  1  1  6  6  6  6  6  6  6  6  6  6  6  6  6  12 12 12 12
11 11 11 11 2  2  2  2  2  2  2  2  2  2  2  2  7  7  7  7  7  7  6  6  6  6  6  6  6  12 12 12 12
11 11 11 11 2  2  2  2  2  2  2  2  2  2  2  2  7  7  7  7  7  7  8  8  8  10 10 10 10 12 12 12 12
11 11 11 11 3  3  3  3  3  3  3  3  3  2  2  2  7  7  7  7  7  7  8  8  8  10 10 10 10 12 12 12 12
11 11 11 11 3  3  3  3  3  3  3  3  3  2  2  2  8  8  8  8  8  8  8  8  8  10 10 10 10 12 12 12 12
11 11 11 11 3  3  3  3  3  3  3  3  3  2  2  2  8  8  8  8  8  8  8  8  8  10 10 10 10 12 12 12 12
11 11 11 11 3  3  3  3  3  3  3  3  3  9  9  9  9  9  9  8  8  8  8  8  8  10 10 10 10 12 12 12 12
11 11 11 11 4  4  4  4  3  3  3  3  3  9  9  9  9  9  9  8  8  8  8  8  8  10 10 10 10 12 12 12 12
11 11 11 11 4  4  4  4  4  4  4  4  3  9  9  9  9  9  9  8  8  8  8  8  8  10 10 10 10 12 12 12 12
11 11 11 11 4  4  4  4  4  4  4  4  3  9  9  9  9  9  9  9  9  8  8  8  8  10 10 10 10 12 12 12 12
11 11 11 11 4  4  4  4  4  4  5  5  5  5  9  9  9  9  9  9  9  8  8  8  8  10 10 10 10 12 12 12 12
11 11 11 11 4  4  4  4  4  4  5  5  5  5  9  9  9  9  9  9  9  10 10 10 10 10 10 10 10 12 12 12 12
11 11 11 11 11 11 11 11 11 11 11 11 12 12 12 12 12 12 12 12 12 12 12 12 12 12 12 12 12 12 12 12 12
11 11 11 11 11 11 11 11 11 11 11 11 12 12 12 12 12 12 12 12 12 12 12 12 12 12 12 12 12 12 12 12 12
11 11 11 11 11 11 11 11 11 11 11 11 12 12 12 12 12 12 12 12 12 12 12 12 12 12 12 12 12 12 12 12 12